0 1
0 2
0 3
0 4
1 2
1 3
1 4
2 3
2 4
3 4
5 0
5 2
6 1
6 0
7 1
7 2
8 5
8 2
9 0
9 4
10 0
10 6
11 4
11 2
12 6
12 7
13 2
13 0
14 0
14 8
15 11
15 0
16 0
16 4
17 0
17 5
18 2
18 0
19 0
19 2
20 3
20 19
21 11
21 2
22 2
22 3
23 0
23 19
24 7
24 5
25 11
25 3
26 4
26 2
27 26
27 19
28 0
28 7
29 13
29 24
30 19
30 5
31 0
31 19
32 8
32 0
33 19
33 23
34 2
34 9
35 8
35 4
36 4
36 23
37 4
37 3
38 23
38 32
39 0
39 1
40 18
40 0
41 5
41 1
42 0
42 41
43 3
43 11
44 6
44 35
45 4
45 17
46 11
46 41
47 44
47 3
48 46
48 44
49 10
49 28
50 4
50 3
51 19
51 1
52 43
52 0
53 45
53 0
54 53
54 7
55 2
55 1
56 26
56 54
57 43
57 48
58 29
58 1
59 2
59 42
60 0
60 11
61 23
61 11
62 28
62 16
63 38
63 11
64 4
64 14
65 12
65 2
66 41
66 0
67 17
67 32
68 67
68 28
69 4
69 61
70 24
70 19
71 43
71 39
72 24
72 67
73 41
73 11
74 0
74 41
75 31
75 2
76 28
76 46
77 12
77 45
78 3
78 67
79 48
79 3
80 4
80 3
81 33
81 5
82 57
82 14
83 56
83 3
84 11
84 58
85 60
85 7
86 17
86 0
87 11
87 4
88 8
88 79
89 3
89 4
90 72
90 29
91 2
91 33
92 0
92 1
93 33
93 18
94 11
94 37
95 35
95 31
96 54
96 21
97 85
97 3
98 45
98 2
99 3
99 4
100 95
100 43
101 56
101 26
102 0
102 2
103 3
103 99
104 23
104 74
105 0
105 24
106 36
106 11
107 17
107 49
108 0
108 36
109 103
109 22
110 3
110 2
111 79
111 55
112 101
112 48
113 54
113 41
114 17
114 44
115 2
115 1
116 95
116 1
117 2
117 93
118 3
118 37
119 56
119 2
120 69
120 49
121 3
121 80
122 68
122 67
123 7
123 11
124 13
124 0
125 10
125 4
126 73
126 1
127 2
127 7
128 50
128 24
129 5
129 82
130 11
130 2
131 36
131 67
132 28
132 45
133 52
133 41
134 17
134 15
135 35
135 49
136 48
136 7
137 72
137 35
138 105
138 56
139 66
139 98
140 47
140 56
141 19
141 2
142 99
142 0
143 41
143 0
144 0
144 3
145 119
145 86
146 19
146 23
147 35
147 70
148 2
148 19
149 2
149 41
150 75
150 11
151 77
151 99
152 150
152 147
153 45
153 3
154 7
154 3
155 41
155 66
156 95
156 104
157 112
157 6
158 0
158 84
159 109
159 1
160 155
160 127
161 124
161 0
162 82
162 39
163 0
163 2
164 68
164 12
165 41
165 7
166 4
166 109
167 13
167 28
168 117
168 144
169 60
169 39
170 34
170 8
171 141
171 53
172 24
172 147
173 6
173 74
174 2
174 31
175 74
175 67
176 3
176 1
177 169
177 35
178 10
178 21
179 81
179 11
180 101
180 99
181 171
181 140
182 2
182 146
183 100
183 11
184 141
184 163
185 183
185 3
186 28
186 52
187 52
187 100
188 32
188 152
189 11
189 3
190 51
190 134
191 98
191 3
192 19
192 28
193 19
193 8
194 36
194 37
195 154
195 0
196 24
196 3
197 9
197 1
198 36
198 6
199 28
199 61
200 56
200 142
201 121
201 58
202 28
202 17
203 32
203 0
204 141
204 27
205 116
205 80
206 34
206 4
207 35
207 1
208 69
208 82
209 17
209 3
210 97
210 145
211 150
211 2
212 0
212 37
213 12
213 70
214 130
214 4
215 61
215 97
216 41
216 135
217 99
217 10
218 46
218 35
219 49
219 155
220 98
220 11
221 82
221 69
222 175
222 73
223 12
223 8
224 24
224 63
225 2
225 69
226 44
226 2
227 208
227 143
228 6
228 56
229 190
229 4
230 3
230 157
231 122
231 3
232 91
232 67
233 141
233 11
234 102
234 104
235 143
235 125
236 0
236 107
237 92
237 198
238 12
238 165
239 156
239 73
240 136
240 5
241 171
241 95
242 5
242 41
243 113
243 170
244 0
244 72
245 84
245 90
246 2
246 12
247 87
247 11
248 155
248 167
249 2
249 154
250 240
250 4
251 118
251 3
252 0
252 24
253 225
253 69
254 2
254 15
255 11
255 243
256 7
256 234
257 0
257 31
258 219
258 67
259 124
259 19
260 54
260 0
261 21
261 41
262 141
262 37
263 67
263 63
264 140
264 83
265 229
265 19
266 8
266 0
267 93
267 217
268 176
268 41
269 255
269 261
270 72
270 2
271 41
271 243
272 4
272 176
273 146
273 133
274 56
274 142
275 155
275 158
276 27
276 270
277 231
277 96
278 182
278 11
279 3
279 0
280 60
280 2
281 265
281 177
282 211
282 12
283 24
283 163
284 4
284 227
285 178
285 2
286 29
286 4
287 18
287 219
288 53
288 72
289 0
289 202
290 56
290 6
291 48
291 72
292 104
292 246
293 112
293 11
294 210
294 62
295 3
295 19
296 3
296 4
297 227
297 190
298 32
298 111
299 270
299 253
300 3
300 197
301 0
301 269
302 175
302 14
303 6
303 76
304 11
304 3
305 3
305 200
306 9
306 198
307 83
307 28
308 4
308 11
309 11
309 49
310 76
310 210
311 0
311 73
312 117
312 39
313 170
313 69
314 150
314 69
315 16
315 28
316 196
316 26
317 21
317 2
318 123
318 67
319 212
319 221
320 155
320 56
321 72
321 3
322 315
322 231
323 43
323 4
324 3
324 125
325 13
325 118
326 152
326 202
327 17
327 24
328 82
328 4
329 14
329 3
330 154
330 9
331 248
331 11
332 292
332 5
333 198
333 47
334 304
334 205
335 4
335 16
336 82
336 0
337 2
337 145
338 282
338 234
339 48
339 266
340 90
340 313
341 90
341 3
342 37
342 19
343 3
343 52
344 67
344 227
345 0
345 67
346 67
346 295
347 3
347 11
348 148
348 0
349 3
349 149
350 2
350 0
351 49
351 69
352 196
352 35
353 123
353 64
354 148
354 4
355 115
355 1
356 12
356 3
357 15
357 319
358 28
358 30
359 63
359 30
360 4
360 0
361 8
361 83
362 2
362 4
363 0
363 234
364 223
364 360
365 13
365 11
366 242
366 42
367 307
367 58
368 3
368 266
369 150
369 0
370 41
370 1
371 66
371 96
372 10
372 63
373 356
373 49
374 327
374 180
375 363
375 156
376 41
376 17
377 4
377 7
378 267
378 358
379 131
379 349
380 52
380 162
381 163
381 238
382 0
382 4
383 295
383 12
384 255
384 67
385 118
385 250
386 12
386 214
387 360
387 17
388 35
388 116
389 295
389 2
390 337
390 282
391 43
391 11
392 118
392 4
393 11
393 65
394 28
394 69
395 170
395 295
396 2
396 58
397 182
397 320
398 365
398 151
399 16
399 83
400 68
400 87
401 11
401 17
402 0
402 205
403 18
403 241
404 19
404 62
405 55
405 198
406 380
406 61
407 0
407 34
408 389
408 4
409 3
409 307
410 0
410 60
411 72
411 12
412 3
412 139
413 69
413 101
414 32
414 146
415 2
415 8
416 0
416 70
417 350
417 370
418 284
418 74
419 5
419 186
420 111
420 0
421 266
421 6
422 98
422 380
423 296
423 0
424 45
424 253
425 320
425 307
426 84
426 19
427 19
427 192
428 254
428 67
429 267
429 165
430 256
430 161
431 234
431 0
432 296
432 324
433 326
433 280
434 240
434 67
435 374
435 4
436 225
436 82
437 109
437 148
438 4
438 269
439 33
439 170
440 57
440 317
441 52
441 0
442 82
442 243
443 56
443 102
444 1
444 181
445 17
445 274
446 2
446 4
447 320
447 5
448 389
448 352
449 21
449 154
450 37
450 68
451 140
451 393
452 35
452 239
453 350
453 234
454 3
454 229
455 304
455 1
456 342
456 148
457 377
457 3
458 374
458 72
459 6
459 0
460 154
460 381
461 84
461 82
462 11
462 62
463 253
463 351
464 98
464 162
465 17
465 265
466 37
466 0
467 66
467 90
468 17
468 8
469 441
469 398
470 223
470 4
471 16
471 423
472 192
472 2
473 93
473 261
474 1
474 197
475 12
475 41
476 1
476 298
477 4
477 24
478 56
478 41
479 98
479 182
480 37
480 24
481 94
481 454
482 443
482 367
483 4
483 400
484 255
484 3
485 189
485 154
486 335
486 52
487 24
487 11
488 463
488 436
489 447
489 419
490 126
490 2
491 246
491 324
492 446
492 205
493 253
493 233
494 30
494 212
495 14
495 190
496 164
496 2
497 211
497 345
498 48
498 2
499 218
499 463
500 214
500 67
501 3
501 73
502 27
502 12
503 19
503 8
504 437
504 210
505 181
505 11
506 3
506 28
507 191
507 3
508 7
508 0
509 370
509 28
510 17
510 52
511 396
511 174
512 11
512 0
513 48
513 487
514 76
514 11
515 351
515 2
516 392
516 35
517 37
517 3
518 434
518 126
519 0
519 214
520 5
520 287
521 11
521 108
522 231
522 54
523 4
523 6
524 32
524 492
525 366
525 24
526 425
526 140
527 4
527 242
528 3
528 127
529 21
529 3
530 2
530 109
531 376
531 102
532 48
532 3
533 41
533 48
534 3
534 279
535 0
535 41
536 9
536 311
537 102
537 41
538 440
538 3
539 72
539 82
540 192
540 201
541 205
541 2
542 0
542 29
543 451
543 148
544 281
544 215
545 265
545 11
546 68
546 3
547 278
547 11
548 38
548 265
549 312
549 8
550 9
550 6
551 21
551 43
552 8
552 35
553 317
553 17
554 253
554 11
555 356
555 188
556 11
556 225
557 41
557 320
558 325
558 126
559 2
559 305
560 80
560 57
561 272
561 350
562 256
562 11
563 370
563 16
564 290
564 416
565 460
565 109
566 198
566 133
567 11
567 540
568 380
568 40
569 2
569 60
570 469
570 151
571 76
571 123
572 227
572 157
573 557
573 2
574 41
574 196
575 178
575 227
576 24
576 107
577 324
577 17
578 341
578 49
579 4
579 184
580 56
580 67
581 144
581 67
582 1
582 0
583 98
583 117
584 546
584 19
585 364
585 41
586 389
586 383
587 101
587 2
588 323
588 265
589 122
589 356
590 0
590 209
591 205
591 131
592 12
592 304
593 0
593 63
594 41
594 132
595 304
595 206
596 0
596 478
597 12
597 497
598 95
598 68
599 2
599 506
600 32
600 68
601 55
601 2
602 393
602 421
603 460
603 506
604 67
604 0
605 552
605 129
606 413
606 293
607 197
607 423
608 11
608 254
609 0
609 372
610 91
610 2
611 496
611 58
612 2
612 136
613 370
613 52
614 57
614 0
615 0
615 181
616 41
616 349
617 97
617 205
618 396
618 409
619 282
619 2
620 183
620 236
621 531
621 135
622 28
622 265
623 498
623 62
624 43
624 68
625 170
625 41
626 66
626 2
627 97
627 92
628 202
628 181
629 262
629 128
630 446
630 4
631 473
631 48
632 68
632 58
633 275
633 52
634 3
634 206
635 181
635 41
636 219
636 41
637 125
637 419
638 198
638 255
639 133
639 546
640 48
640 42
641 467
641 169
642 147
642 1
643 28
643 253
644 75
644 298
645 225
645 6
646 15
646 269
647 84
647 493
648 202
648 2
649 614
649 96
650 557
650 41
651 415
651 450
652 324
652 604
653 152
653 13
654 17
654 181
655 233
655 267
656 168
656 389
657 4
657 41
658 467
658 231
659 132
659 2
660 4
660 104
661 261
661 487
662 4
662 240
663 149
663 356
664 28
664 68
665 28
665 118
666 519
666 166
667 502
667 171
668 207
668 3
669 130
669 298
670 158
670 313
671 210
671 19
672 130
672 215
673 271
673 3
674 67
674 219
675 95
675 358
676 119
676 516
677 359
677 123
678 69
678 327
679 6
679 14
680 314
680 49
681 4
681 256
682 319
682 352
683 254
683 446
684 1
684 197
685 652
685 335
686 69
686 6
687 31
687 477
688 102
688 446
689 158
689 105
690 651
690 668
691 8
691 62
692 187
692 231
693 168
693 104
694 423
694 62
695 68
695 67
696 208
696 0
697 578
697 677
698 306
698 211
699 0
699 493
700 4
700 307
701 413
701 172
702 26
702 204
703 11
703 104
704 116
704 491
705 498
705 102
706 198
706 374
707 126
707 443
708 254
708 678
709 401
709 289
710 18
710 617
711 254
711 48
712 366
712 438
713 492
713 323
714 648
714 72
715 468
715 487
716 639
716 249
717 93
717 31
718 17
718 276
719 75
719 83
720 17
720 214
721 5
721 54
722 17
722 156
723 655
723 568
724 357
724 248
725 29
725 2
726 102
726 3
727 214
727 122
728 33
728 255
729 269
729 3
730 516
730 514
731 60
731 312
732 344
732 495
733 0
733 33
734 0
734 217
735 0
735 163
736 610
736 426
737 211
737 609
738 61
738 229
739 229
739 36
740 44
740 213
741 149
741 0
742 7
742 0
743 157
743 699
744 82
744 550
745 84
745 70
746 298
746 602
747 107
747 355
748 497
748 269
749 206
749 436
750 63
750 231
751 423
751 23
752 368
752 3
753 132
753 3
754 73
754 136
755 3
755 82
756 124
756 703
757 34
757 508
758 622
758 692
759 104
759 197
760 2
760 28
761 190
761 82
762 735
762 68
763 344
763 762
764 3
764 502
765 14
765 509
766 144
766 17
767 57
767 17
768 4
768 431
769 41
769 0
770 326
770 302
771 83
771 644
772 345
772 107
773 348
773 79
774 692
774 467
775 588
775 241
776 19
776 358
777 333
777 283
778 8
778 351
779 4
779 81
780 8
780 1
781 204
781 265
782 178
782 376
783 3
783 0
784 3
784 32
785 11
785 66
786 202
786 1
787 351
787 140
788 109
788 284
789 182
789 501
790 2
790 354
791 24
791 446
792 3
792 333
793 214
793 539
794 508
794 666
795 26
795 163
796 52
796 718
797 56
797 451
798 181
798 684
799 98
799 82
800 269
800 352
801 0
801 87
802 568
802 769
803 524
803 171
804 340
804 15
805 569
805 274
806 395
806 112
807 533
807 85
808 610
808 558
809 670
809 0
810 202
810 796
811 785
811 100
812 2
812 146
813 352
813 119
814 0
814 596
815 497
815 520
816 20
816 33
817 67
817 214
818 576
818 593
819 4
819 101
820 496
820 493
821 801
821 84
822 605
822 436
823 359
823 787
824 103
824 233
825 319
825 637
826 11
826 44
827 19
827 173
828 510
828 214
829 786
829 6
830 697
830 23
831 66
831 822
832 198
832 524
833 141
833 546
834 150
834 174
835 2
835 631
836 627
836 358
837 94
837 232
838 4
838 510
839 753
839 28
840 345
840 66
841 659
841 737
842 275
842 164
843 748
843 30
844 622
844 154
845 533
845 42
846 356
846 799
847 79
847 1
848 4
848 41
849 3
849 69
850 4
850 0
851 0
851 324
852 424
852 598
853 240
853 1
854 488
854 67
855 41
855 190
856 436
856 2
857 524
857 284
858 4
858 52
859 770
859 529
860 19
860 701
861 473
861 215
862 173
862 839
863 419
863 99
864 789
864 335
865 35
865 292
866 185
866 104
867 296
867 464
868 385
868 3
869 62
869 30
870 44
870 41
871 83
871 356
872 240
872 15
873 2
873 4
874 66
874 95
875 290
875 307
876 42
876 663
877 84
877 219
878 178
878 722
879 2
879 43
880 476
880 474
881 487
881 34
882 227
882 527
883 2
883 35
884 807
884 3
885 341
885 2
886 240
886 239
887 265
887 651
888 398
888 195
889 73
889 780
890 4
890 77
891 863
891 0
892 131
892 483
893 35
893 283
894 23
894 546
895 41
895 569
896 819
896 32
897 68
897 598
898 35
898 831
899 356
899 262
900 3
900 219
901 376
901 28
902 76
902 597
903 196
903 253
904 126
904 221
905 427
905 33
906 557
906 8
907 3
907 269
908 4
908 602
909 126
909 23
910 876
910 882
911 62
911 2
912 6
912 191
913 202
913 25
914 2
914 4
915 3
915 467
916 356
916 3
917 8
917 72
918 27
918 2
919 97
919 312
920 549
920 251
921 208
921 38
922 48
922 84
923 191
923 41
924 307
924 44
925 70
925 236
926 291
926 23
927 537
927 307
928 462
928 578
929 823
929 41
930 28
930 302
931 922
931 415
932 319
932 74
933 152
933 268
934 771
934 270
935 75
935 485
936 152
936 491
937 35
937 497
938 607
938 318
939 17
939 559
940 529
940 25
941 618
941 74
942 8
942 865
943 562
943 622
944 569
944 175
945 3
945 898
946 11
946 102
947 578
947 314
948 921
948 593
949 222
949 68
950 916
950 392
951 153
951 26
952 28
952 45
953 640
953 143
954 3
954 809
955 597
955 469
956 471
956 927
957 7
957 318
958 82
958 108
959 351
959 454
960 370
960 478
961 898
961 577
962 357
962 776
963 933
963 17
964 332
964 538
965 172
965 648
966 2
966 366
967 3
967 252
968 794
968 31
969 346
969 54
970 333
970 487
971 301
971 99
972 2
972 248
973 676
973 84
974 2
974 17
975 850
975 31
976 62
976 595
977 392
977 396
978 882
978 41
979 67
979 0
980 776
980 11
981 3
981 380
982 846
982 74
983 603
983 157
984 84
984 680
985 684
985 258
986 571
986 133
987 253
987 3
988 3
988 30
989 17
989 954
990 45
990 41
991 62
991 329
992 109
992 77
993 514
993 366
994 35
994 499
995 3
995 393
996 455
996 170
997 7
997 11
998 237
998 340
999 392
999 899
